A = 1:10;
A = A+100
